/**:
  ros__parameters:
    map_origin:
      latitude: 36.843619
      longitude: 128.092549
      elevation: 299.425
      roll: 0.0
      pitch: 0.0
      yaw: 0.0
